35032681
35237202
34593666
35127257
35236740
35236717
35236673
34735468
34743290
35236547
35200464
34579096
35072139
35212732
35194025
34646388
34921082
35236142
35236081
35236079
35235861
35235819
35054555
35130462
35189747
35235746
34732706
33707835
34990655
35008478
34762618
35168230
35167836
34305144
35153956
33230215
32328881
29618843
35231694
7937006
33204079
34744480
34915391
35231259
35231313
35090568
35150461
35229312
33915361
34670608
35066725
34738380
34737911
35163961
35229318
35138954
34357605
35066883
35066766
35222473
35226046
34995581
33120955
35153796
34998056
35188740
34892447
35222862
34926284
32288551
35222692
34743640
34409404
35222466
35237327
35237250
35237243
34545116
34119216
33648767
35251419
35251371
35251352
35236181
35251089
34760169
34542731
35246145
35182788
35203335
34908368
35208221
34982724
32670303
35238840
34041933
34965075
35238769
33038848
35237789
32735375
31455463
35237409
34119216
33648767
34706186
35251419
35239922
35251371
35251352
35236181
35251089
34760169
34542731
35246145
35182788
35203335
34908368
35208221
34982724
32670303
35238840
34041933
34965075
35238769
33038848
35237902
35237789
32735375
31455463
35237409
35254339
35253432
29925792
35114218
35114335
35114430
35114460
34461861
35252079
28763007
28762843
35255269
35075917
35237438
35114396
35114496
32993462
35252027
7570773
34988237
35267187
35266944
35266521
34546553
33468321
35266451
35266132
35266122
35265528
35265599
33804180
35265485
35265363
35265242
35264672
35264600
35263374
34755339
35139060
35262304
35262197
35262078
35261974
35261471
35261071
35260961
35260942
30889934
32248878
35019874
35260394
35259563
35136333
35259179
35258797
35258511
35258052
35257783
35257510
35257416
35257402
35257323
35256716
34141807
34646916
35255422
34988237
31025658
35266944
35267187
35266521
34546553
35266451
33468321
35266122
35266132
35265528
33804180
35265599
35265363
35265485
35265242
35139060
35262304
35262197
35262078
35261974
35261471
35261071
35260961
35260942
30889934
32248878
35019874
35260394
35259563
35136333
35259179
35258797
35258511
35258052
35257783
35257510
35257416
35257402
35257323
35256716
34141807
34646916
35255422
34755339
35264672
35263374
35264600
31025658
34988237
35267187
35266944
35266521
34546553
33468321
35266451
35266132
35266122
35265528
35265599
33804180
35265485
35265363
35265242
35264672
35264600
35263374
34755339
35139060
35262304
35262197
35262078
35261974
35261471
35261071
35260961
35260942
30889934
32248878
35019874
35260394
35259563
35136333
35259179
35258797
35258511
35258052
35257783
35257510
35257416
35257402
35257323
35256716
34141807
34646916
35255422
35266944
35266521
34546553
33468321
35266451
35266132
35266122
35265528
35265599
33804180
35265485
35265363
35265242
35264672
35264600
35263374
34755339
35139060
35262304
35262197
35262078
35261974
35261471
35261071
35260961
35260942
30889934
32248878
35019874
35260394
35259563
35136333
35259179
35258797
35258511
35258052
35257783
35257510
35257416
35257402
35257323
35256716
34141807
34646916
35255422
34784113
35273872
35150528
34589128
35271028
35269418
35270316
32640544
35274465
32162799
35274595
34621137
35274615
34786776
35275374
35274491
35274510
35274575
35274615
34786776
35274595
35275374
34621137
35274575
35274510
35274491
35283612
35211561
35281547
35182076
35282462
32830782
34855784
31591191
35280096
35279379
35279353
34917202
35144928
35279137
35279227
35278372
35278906
35129739
35278270
35277312
6418433
35128791
35299522
35299514
35300884
35300286
35299222
34288771
35298861
35296228
35297642
35296549
35295899
35295232
35295051
35023907
35294882
35294706
35294608
35294302
35294319
35294604
35153109
35294311
35294298
35294296
35161817
35294284
35294290
35294243
35294174
35293878
35293573
35221233
33271279
35293502
35293273
31341527
35290976
35290960
35290936
35289354
34137140
35288670
35089515
33360466
35287931
33359512
35087689
35303066
35326880
34323695
35324677
35325488
35326386
33114592
35324076
35028468
35323780
35323770
35323721
35323183
35323517
35158042
35158353
35159446
35323208
35158478
35158834
35322784
35322785
35322778
35322866
35322823
35319107
33162899
35322503
35100821
35318185
35312960
34966614
35320708
35059324
35321610
35318622
35315631
35320551
35314957
35317114
35315207
33992440
35337326
35337088
35337032
5929337
35336296
35336005
35095767
35334636
35335625
35334579
35334043
34689340
31130723
34690323
35331791
34901839
34978972
34190583
35331156
35330072
35329403
35329268
35328924
35328946
34841615
35351727
35351536
35351942
35314045
35351426
35351046
35351016
35342940
35350661
35350752
35350305
35350717
35348754
6632302
34683415
32813954
31829005
35345081
35345541
34965895
35344928
35341677
35341786
35361579
35361664
35361594
35361567
35361606
35361363
35361508
35361420
35361209
35361183
35360989
35360396
35360039
35360831
35359800
35360033
35359758
35359782
35359745
32880207
35359432
35359714
35359565
35358657
35357781
35357656
35357596
35357332
35355175
35355409
35355161
33483501
35355131
35355247
35362917
32665213
35362580
35359650
35363639
35362423
35362077
35379282
34896842
35379396
35379222
35378574
34195461
35378881
35378569
35374254
35378513
33061116
34869220
34916645
35376268
35375826
34918289
35313694
35375248
35375445
33930228
34844977
33440926
34859984
35141006
35373048
35372795
34395221
32637959
35371529
35371179
35371538
35370792
34140527
35369077
7793699
35366465
35160592
35366451
35153042
35366414
32728221
35366111
35112237
29087259
35365580
35365584
35365553
35365547
35365003
35364916
35365535
35365524
35328594
