17408290
23902199
24493904
24177663
22275749
24423455
24165758
24238587
23868049
23423165
21895983
24252023
23775492
24164277
24493664
23883518
24493405
23994740
24062267
24450381
24152507
23233286
24493025
24328472
24187428
24492778
24492729
24492516
24355247
24368710
24425687
24490691
23561936
23561127
23396224
17352789
18077199
24317865
24486874
24486455
24486207
24485693
23844281
17785026
18605826
24306321
24483966
24319163
22238227
24482323
23916389
24017214
24444646
22413489
24480785
24480438
24480142
24480141
20584397
22843547
21813421
24339692
24479792
24229589
23658135
24015229
23428995
18091952
21116695
24479653
23092213
18149252
21874844
24493656
24283907
23860591
24171094
24171075
24170486
24443577
24508536
24508533
24508527
18724172
24508479
24508248
24507975
24507837
18164796
24507786
23722781
24507357
24216872
23879362
24505999
24505666
20941730
24503996
24153120
24500845
24499905
24499079
24498399
24498292
24494579
19942639
24494489
24283907
23860591
24171094
24171075
24170486
24443577
24508536
24508533
24508527
18724172
24508479
24508248
24507975
24507837
18164796
24507786
23722781
24507623
24507357
24216872
23879362
24505999
24505666
20941730
24503996
24500845
24499905
24499079
24498399
24498292
24494579
19942639
24511200
18997833
24466748
24500302
24499602
23577202
24074379
24164852
24508406
24508051
23878997
24504269
24503802
24498733
24283142
24531075
23303669
23233352
24530967
24530458
24530240
24528680
24528505
24528305
23097338
24526021
24525983
24525726
24525675
24525527
24525408
24525201
24524869
24524523
24524365
23318867
24256642
22813781
24437158
24156229
24323746
24523622
23745721
24523498
24523485
24523444
20422327
24523344
24523207
23568295
23766590
24522996
24522966
23448459
24522668
22387229
24531915
22997016
24531668
24034293
24533180
23165788
24393837
24393795
19792211
24532497
24533180
23165788
24393837
24393795
19792211
24532497
24541842
24219393
24540245
22455258
20730083
24180169
21776468
21859591
23516947
24155759
24194644
24537726
24537711
24450657
24420195
24537667
22024663
23220789
24532115
24537178
24537160
24537126
24537099
24537081
24536559
24536046
24536030
24536009
24535468
24534982
24534943
24559676
23450538
24558514
24558017
24557486
24557401
24465270
24555787
24554677
24054478
24553335
24553150
19841916
24553066
23989520
20755140
22572661
24478769
23185857
24319959
22696969
24552142
24551852
24551811
17279609
17279558
24551439
24551323
24549107
20010409
24113019
24547065
24546527
22721614
23051716
24544806
24561599
24560735
20217395
24568360
21970611
24201551
24568091
24568042
24567645
24567513
22443905
24565939
24565693
23916492
24393950
23544083
24324002
24585950
24585079
24584967
23962496
24583879
24582987
24091103
24582613
24582610
24582556
24582528
24582526
24582243
24339468
24582068
24582037
24582019
21885586
24581570
24581511
23742825
23742793
23734907
24579818
21111775
24577796
24577732
24577622
21958534
24576579
24576521
24118006
24236778
24573594
14923795
14941622
15500991
24573006
24596783
24508451
24392964
24111249
24596287
23869932
24595766
24594614
13268769
24590085
24589267
24588821
24588017
17681386
24613163
24612959
24436131
24611053
24611006
24610953
24169422
23962652
24610467
24609175
24608963
21925975
24607918
20846193
23978980
24605720
24605521
23485828
24604553
22424933
24601741
24215835
24600823
24600722
24600549
24621106
24620812
17411130
24620404
24619969
24619718
24242463
24615096
24619358
24618447
24616174
24615902
24615730
23336315
24614950
24614754
20791141
22962670
24627064
24627026
24626754
24626353
24626037
24625377
22385348
24625126
23044295
22847784
24624789
24501122
24622603
24613698
22709956
24624546
24624357
24624327
24624271
24624152
23452691
24623989
24623660
24623583
24623548
24623404
24623010
24622816
24622750
21874669
24622220
24622194
24622074
24622056
24622026
24621851
24621727
24621472
23856911
22908783
23620217
24638773
24638604
24638593
24638449
24638045
24340866
24637859
24635480
24433035
24633079
24632876
23424816
20594373
24631352
23746066
24630104
24628276
24623849
24531659
24623739
24623693
24076853
